56.85941
61.74854
61.42037
61.70667
61.71073
62.23463
61.83856
61.88687
61.74354
61.92514
61.55888
62.01005
61.55062
61.69034
61.65371
61.72342
61.50857
61.73727
61.73998
61.86914
61.69222
62.37816
61.65638
61.96923
62.11370
61.93307
61.92782
61.79613
61.89177
61.80995
61.97196
61.90935
61.93785
61.47866
62.00238
61.75213
61.67949
61.73626
61.82977
61.79193
61.81606
61.93266
61.78957
61.72753
61.69692
61.60558
61.68846
61.86514
61.57121
61.62995
==============================******Average******=============================
61.6939546
