118.575492
123.327101
123.582899
123.284981
123.786576
123.043160
123.663309
123.606483
123.889078
123.210260
123.236174
122.837996
123.073700
123.110734
123.389829
123.567643
124.192175
123.557552
124.221115
123.267909
123.744481
123.451070
123.294435
123.258651
123.455344
122.975974
123.504476
123.234461
123.276891
123.428928
123.484363
123.842046
122.846054
123.762233
123.544411
122.759918
123.153507
123.310863
123.108009
123.263652
123.305993
123.106559
123.011864
123.179339
123.018878
123.568615
123.854873
122.994789
122.958779
123.471574
==============================******Average******=============================
123.27190392
