28.30939
30.70818
30.71720
30.71151
30.81231
30.71960
30.65622
30.73231
30.67879
30.70533
30.62825
31.05847
30.77867
30.60788
30.76773
30.75557
30.74042
30.75794
30.80892
30.85355
30.71059
30.73786
30.95690
30.62332
30.76878
30.67004
30.66340
30.78469
30.70387
30.73130
30.85730
30.83777
30.74473
30.69724
30.66437
30.80981
30.64833
30.67658
30.73979
30.75033
30.76922
30.60012
30.65552
30.57436
30.68134
30.67958
30.88429
30.68584
30.62482
30.76486
==============================******Average******=============================
30.6841038
