87.45531
92.28448
92.03143
92.49102
92.08510
92.62911
92.12677
92.47661
92.48733
92.59965
92.48606
91.86032
92.51796
92.23284
92.10272
92.51522
92.29601
92.46706
92.82002
92.15154
92.52523
92.30581
91.84099
92.39818
92.78541
92.66664
92.75405
92.86074
92.77576
92.84622
92.27288
92.77510
92.90996
92.37735
92.71716
92.90156
92.86104
92.62460
93.04741
92.84273
93.47910
93.13814
92.68702
93.02513
92.20938
91.40360
92.18521
92.14492
92.11049
92.17762
==============================******Average******=============================
92.3953198
