118.23392
123.38549
123.56204
122.97268
123.39590
123.64368
123.68612
123.82384
123.67973
123.68525
123.75528
123.35698
123.50211
123.48059
123.71219
123.55311
123.30241
123.31744
123.14758
123.37375
123.73475
122.96325
123.44087
123.40346
123.84418
123.42644
123.63764
123.18795
123.47835
123.84815
123.45494
123.54796
123.75437
122.97940
123.67767
123.84860
123.57407
123.77722
123.86216
123.37588
124.10925
123.29326
123.23373
123.72043
123.09239
123.16440
123.15478
123.21621
123.44956
123.68742
==============================******Average******=============================
123.3901766
