87.702442
92.562890
92.558920
92.739514
93.134565
92.592653
92.322624
92.349019
93.006385
92.497667
92.545071
92.626646
92.366224
92.208113
93.005862
92.351461
92.478085
92.955281
92.507383
92.836167
92.690009
92.562006
92.436537
92.567117
92.309108
92.272078
92.524284
92.585245
92.493682
92.273602
92.318717
92.530372
92.573986
92.564938
92.496567
92.290290
92.815432
92.406162
92.367673
92.461454
92.587239
92.213868
92.326628
92.419563
92.466805
92.826322
92.395845
92.620259
92.410968
92.451895
==============================******Average******=============================
92.43211246
