25.784933
30.822125
30.916594
30.882259
30.856295
30.829766
30.949667
30.810473
30.733972
30.860615
30.858889
30.988347
30.957973
30.785632
30.737238
30.762516
30.808615
30.801179
30.736924
30.785177
30.763948
30.847726
31.011241
30.764725
30.840167
30.748955
30.789857
30.720124
30.858569
30.716023
31.049439
32.163331
31.975859
31.143357
31.174237
30.883191
30.746272
30.836670
30.876834
30.704102
30.676487
30.830065
30.791635
30.806768
30.899305
30.879591
30.858631
30.747861
30.781663
30.983504
==============================******Average******=============================
30.79078652
