55.9656
63.7901
61.9287
61.8556
61.7060
62.1440
61.7252
61.6936
61.5290
61.8566
61.7397
61.4033
62.2407
61.9003
61.7103
61.6349
61.9450
61.9017
61.7985
61.7465
61.8837
61.8245
61.3200
61.7785
61.7294
61.7400
61.8785
61.8173
61.9233
61.8776
61.9565
61.8944
61.7641
61.4902
61.8849
61.6871
61.7149
61.6616
61.5835
61.8301
61.7387
61.8710
61.9866
62.2999
61.5634
61.7061
61.7790
62.1714
61.7870
61.6347
==========******Average******===========================
61.719910
55.965621
63.790183
61.928703
61.855602
61.706066
62.144033
61.725200
61.693672
61.529036
61.856683
61.739746
61.403308
62.240771
61.900337
61.710394
61.634922
61.945077
61.901768
61.798541
61.746572
61.883719
61.824559
61.320019
61.778578
61.729463
61.740094
61.878507
61.817327
61.923327
61.877602
61.956539
61.894466
61.764104
61.490226
61.884961
61.687196
61.714993
61.661616
61.583561
61.830172
61.738782
61.871004
61.986627
62.299932
61.563418
61.706169
61.779027
62.171463
61.787098
61.634720
==============================******Average******=============================
61.7198872673267
